  Lo=0.215;
  l1=0.113;
  tork=1;
  init_th1=0.0873;